% time     seconds  usecs/call     calls    errors syscall
------ ----------- ----------- --------- --------- ----------------
 22,27    0,000102         102         1           clone
 20,96    0,000096          13         7           mmap
 19,00    0,000087          29         3           write
 11,14    0,000051          51         1           munmap
  9,83    0,000045          11         4           mprotect
  6,33    0,000029          29         1           wait4
  4,80    0,000022           7         3           brk
  2,18    0,000010           3         3           fstat
  1,75    0,000008           4         2           close
  1,75    0,000008           8         1           arch_prctl
  0,00    0,000000           0         1           read
  0,00    0,000000           0         1         1 access
  0,00    0,000000           0         1           execve
  0,00    0,000000           0         2           openat
------ ----------- ----------- --------- --------- ----------------
100.00    0,000458                    31         1 total
