% time     seconds  usecs/call     calls    errors syscall
------ ----------- ----------- --------- --------- ----------------
 23,82    0,000141          47         3           close
 18,75    0,000111          37         3           openat
 16,39    0,000097          13         7           mmap
 12,16    0,000072          18         4           mprotect
 10,30    0,000061          61         1           write
  8,78    0,000052          52         1           munmap
  3,38    0,000020           6         3           fstat
  3,21    0,000019           6         3           brk
  1,86    0,000011          11         1           read
  1,35    0,000008           8         1           arch_prctl
  0,00    0,000000           0         1         1 access
  0,00    0,000000           0         1           execve
------ ----------- ----------- --------- --------- ----------------
100.00    0,000592                    29         1 total
