% time     seconds  usecs/call     calls    errors syscall
------ ----------- ----------- --------- --------- ----------------
 23,35    0,000110          15         7           mmap
 14,86    0,000070          17         4           mprotect
 11,46    0,000054          18         3           write
 11,04    0,000052          52         1           munmap
  9,55    0,000045          45         1           execve
  7,01    0,000033          16         2           openat
  5,73    0,000027           9         3           brk
  5,52    0,000026           8         3           fstat
  4,25    0,000020          20         1         1 access
  3,40    0,000016           8         2           close
  2,12    0,000010          10         1           read
  1,70    0,000008           8         1           arch_prctl
------ ----------- ----------- --------- --------- ----------------
100.00    0,000471                    29         1 total
